SERVER : 
    BUG : to mutch \n\r in end of username
    FEATURE : check if username is used
    FEATURE : CHIFFREMENT
    FEATURE : JSONIFY message
    FEATURE : message type
    FEATURE : message /global send to database
    FEATURE : message (global/private)
    FEATURE : save message in db
    FEATURE : get n last message from db when user connect

CLIENT :
FEATURE : Unuglify Client
FEATURE : CHIFFREMENT
FEATURE : JSONIFY message
FEATURE : message type
FEATURE : message /global send to database
FEATURE : message (global/private)

[94, 111, 76, 174, 84, 129, 93, 91, 248, 151, 240, 205, 120, 138, 100, 24, 213, 35, 148, 42, 181, 85, 119, 19, 194, 186, 196, 194, 16, 25, 24, 33, 133, 112, 130, 229, 164, 9, 52, 46, 199, 26, 93, 170, 4, 6, 135, 214, 141, 174, 233, 144, 90, 70, 238, 227, 55, 154, 18, 145, 140, 146, 83, 33, 77, 80, 127, 185, 255, 150, 217, 127, 26, 173, 196, 6, 90, 151, 75, 69, 230, 98, 41, 77, 45, 118, 207, 95, 39, 195, 98, 22, 118, 128, 131, 158, 48, 236, 1, 207, 96, 57, 1, 234, 42, 75, 12, 178, 160, 7, 120, 75, 154, 41, 164, 207, 153, 39, 249, 176, 231, 238, 101, 222, 189, 159, 162, 153, 55, 94, 146, 102, 115, 247, 22, 188, 51, 24, 122, 165, 64, 46, 102, 53, 113, 163, 115, 92, 180, 65, 17, 225, 242, 21, 156, 219, 196, 226, 34, 42, 157, 67, 22, 6, 238, 240, 80, 82, 102, 9, 146, 104, 38, 108, 211, 163, 92, 243, 151, 71, 245, 17, 146, 173, 75, 205, 147, 248, 135, 106, 202, 225, 115, 67, 105, 107, 21, 54, 32, 96, 166, 76, 228, 103, 156, 82, 13, 18, 117, 160, 135, 55, 160, 62, 42, 47, 117, 90, 93, 39, 57, 219, 148, 85, 152, 233, 142, 32, 26, 217, 185, 116, 163, 66, 137, 43, 107, 93, 172, 84, 47, 43, 9, 195, 118, 18, 74, 79, 80, 1, 3, 68, 87, 118, 108, 146]
[94, 111, 76, 239, 191, 189, 84, 239, 191, 189, 93, 91, 239, 191, 189, 239, 191, 189, 239, 191, 189, 239, 191, 189, 120, 239, 191, 189, 100, 24, 239, 191, 189, 35, 239, 191, 189, 42, 239, 191, 189, 85, 119, 19, 194, 186, 239, 191, 189, 239, 191, 189, 16, 25, 24, 33, 239, 191, 189, 112, 239, 191, 189, 239, 191, 189, 9, 52, 46, 239, 191, 189, 26, 93, 239, 191, 189, 4, 6, 239, 191, 189, 214, 141, 239, 191, 189, 239, 191, 189, 90, 70, 239, 191, 189, 239, 191, 189, 55, 239, 191, 189, 18, 239, 191, 189, 239, 191, 189, 239, 191, 189, 83, 33, 77, 80, 127, 239, 191, 189, 239, 191, 189, 239, 191, 189, 239, 191, 189, 127, 26, 239, 191, 189, 239, 191, 189, 6, 90, 239, 191, 189, 75, 69, 239, 191, 189, 98, 41, 77, 45, 118, 239, 191, 189, 95, 39, 239, 191, 189, 98, 22, 118, 239, 191, 189, 239, 191, 189, 239, 191, 189, 48, 239, 191, 189, 1, 239, 191, 189, 96, 57, 1, 239, 191, 189, 42, 75, 12, 239, 191, 189, 239, 191, 189, 7, 120, 75, 239, 191, 189, 41, 239, 191, 189, 207, 153, 39, 239, 191, 189, 239, 191, 189, 239, 191, 189, 239, 191, 189, 101, 222, 189, 239, 191, 189, 239, 191, 189, 239, 191, 189, 55, 94, 239, 191, 189, 102, 115, 239, 191, 189, 22, 239, 191, 189, 51, 24, 122, 239, 191, 189, 64, 46, 102, 53, 113, 239, 191, 189, 115, 92, 239, 191, 189, 65, 17, 239, 191, 189, 239, 191, 189, 21, 239, 191, 189, 239, 191, 189, 239, 191, 189, 239, 191, 189, 34, 42, 239, 191, 189, 67, 22, 6, 239, 191, 189, 239, 191, 189, 80, 82, 102, 9, 239, 191, 189, 104, 38, 108, 211, 163, 92, 239, 191, 189, 71, 239, 191, 189, 17, 239, 191, 189, 239, 191, 189, 75, 205, 147, 239, 191, 189, 239, 191, 189, 106, 239, 191, 189, 239, 191, 189, 115, 67, 105, 107, 21, 54, 32, 96, 239, 191, 189, 76, 239, 191, 189, 103, 239, 191, 189, 82, 13, 18, 117, 239, 191, 189, 239, 191, 189, 55, 239, 191, 189, 62, 42, 47, 117, 90, 93, 39, 57, 219, 148, 85, 239, 191, 189, 239, 191, 189, 32, 26, 217, 185, 116, 239, 191, 189, 66, 239, 191, 189, 43, 107, 93, 239, 191, 189, 84, 47, 43, 9, 239, 191, 189, 118, 18, 74, 79, 80, 1, 3, 68, 87, 118, 108, 239, 191, 189]
